745
380
830
522 52
12 172
531
9
372 96
940 221
369
815
707
210
907
536
556
993 612
613
824 150
158 603
756
177
514
859
430
212
365 709
653 2
393
602
829
639
924
587 64
969
623
601 180
745
444 511
813 71
460
734
716 607
678
594
823
435
161 633
954
219
80 973
103
362
327 915
509
550
899
108 928
656
516
518 700
215 133
851
676 195
662 918
149
301
24
728
283
644
7
618 238
87
235
60
828 814
297 525
748
41
144 359
142
551
641
941 617
772
356
877
637 883
274
84 79
975
26 961
898 697
222
16
398 535
718
725
674 622
905
671
203
205
160 32
323
888
951
696 88
326
315
906
786
796 547
989
811
446
55 449
50
169 882
679
733
267
647
378
208
53 478
476 128
314
68 37
949 10
197
344 102
130 153
708
546
309
159
342
625 259
942
312
543 407
866 634
582 432
935
730
249 30
181
132
272
791
73
328
261
638
645
241
713
658
729
966
771
58 454
931
884 15
280 330
948
463
360
654
597
938
188 717
354
779
151 223
914
251
176
891 399
932 979
113
253 471
672
207 422
230
391
685 861
555
732
411
443 76
763 715
693
173 542
836
698 409
922
28
217
605
45
410 797
23
441
423
586 226
247
51 810
997
228
838 608
911 628
842
831
541
695 335
18 636
417 114
116 65
427 902
93 250
576
255
373 945
739
349
646
25
27 885
456
818 289
680
502
198 376
416
599 794
11
89
517 390
244 920
768
621
687
67 131
240
521 571
944
35
804
186
991 816
387
746
688
155 252
557
34
117 183
630 510
313
747
534 273
926
282
298
154
361
864
220
139
453
916 871
239
107
690
211
473
112
792
486
539
774 306
681 482
147 419
565
873 386
450
848
913
138 665
917
54 182
852
33
736
332
445 967
74
370
581 512
569
970
31 487
561
887
972
162 903
414 126
371 49
833 157
614
292
431
194
652
439
595 699
723
111
278
978
379
689 475
237 395
381
593
850
504
694
930 968
982 701
174
452 841
655
934 146
809
570
484 104
377
400
82 392
692
489
101 798
869
994
110
187
886
879 458
805 600
523 490
483
305
909 234
98
807
738
946 256
275
755
682
179
849
134 872
383 876
950
670 59
145
712
992
529 683
451
800 589
743
348
820
277
758 20
165 94
118 795
742
429
440
384 408
216
8 72
592
619 307
611
722
284
233
664 765
832 124
254
498 331
4
865
677
63
591
773 988
311
995 783
364
404
983
426 788
703 583
209
276
17
958 552
5
812
324 947
413 466
777
480
121
389
627
448
760 464
533
937 291
268
976
394 242
606
265
604
952 720
29
684 999
826
564 624
863
889
893
669
574
95 437
286
505
459 388
868 846
405 175
56
520
754
347
629
686 817
193
317
506
488
908
821
397
971
334
271 660
731 137
837 609
761
642
350 243
368 580
778
900
962
721 401
901 912
566 801
43
704
465 673
477
257 847
366 793
986
955
998
874
266 47
42
548 402
515
467
659 438
584
764
691
530
787
640
481 573
184
853 321
844
479
296
129 199
598 336
462
396
497
939
802
921
643 590
784
495 295
528 668
789 270
421
857 840
44 661
750 214
741
977 965
352
702
867
910 675
245
775
425
588
269 36
925
650
190 537
878
759 544
493
894 740
136
224 553
648
896
563 200
433
168 996
100
338 749
357
806 929
120
135
519
167
825 953
436
340
474 339
69 91
218 115
959
776
485
615 834
119 382
92
762 403
189
90
737 769
936
48
353 85
875
320
442
649
744 651
501 666
626
785
632 919
540
706
470 751
281
367
40 781
325
333
799
984 974
141
260
178
710 990
258
127
122
468
579 726
880
46 492
264 206
870
472
667
567
66 714
106
164
963
229
318 143
191 956
890
75
577 231
81
97 341
549
263 568
455 881
819
822
860
724
892 862
140
545 236
757
843
527 461
288 943
3
631 163
19
355 123
351
927 572
171 904
420
290 310
304 711
78
232
923
343 513
933
227 770
39
279
14
532
346
287
499
185 503
293
329
845
316
507
596
358
412
562 808
385 363
663
61 496
109
1
727
780
895
77
559
262 86
964
319
213
981 960
6 558
554
424 524
897 782
620 752
192
858 434
70
803
447 635
735 105
705 657
21
827
766
957 980
83
166
38
719
610
13
560
375 835
839
616
322 415
202
201
790
99 418
152 469
508
196
374
526
578 337
987
148
753 985
62
491
225
156 248
538
575
854
22
246 494
285 585
300
302
294
125
0 345
767
303
855
299
406
308
